[epoch: 0]
train_loss: 0.5121
lr: 0.100000


[epoch: 1]
train_loss: 0.1672
lr: 0.099090


[epoch: 2]
train_loss: 0.1300
lr: 0.098180


[epoch: 3]
train_loss: 0.0948
lr: 0.097269


