[epoch: 0]
train_loss: 0.5178
lr: 0.100000


[epoch: 1]
train_loss: 0.1845
lr: 0.099090


