[epoch: 0]
train_loss: 0.5591
lr: 0.100000


[epoch: 1]
train_loss: 0.2027
lr: 0.099090


[epoch: 2]
train_loss: 0.1896
lr: 0.098180


[epoch: 3]
train_loss: 0.1854
lr: 0.097269


