[epoch: 0]
train_loss: 0.5134
lr: 0.100000


[epoch: 1]
train_loss: 0.1492
lr: 0.099090


