[epoch: 0]
train_loss: 0.5135
lr: 0.100000


[epoch: 1]
train_loss: 0.1654
lr: 0.099090


[epoch: 2]
train_loss: 0.1228
lr: 0.098180


[epoch: 3]
train_loss: 0.0930
lr: 0.097269


